// Hushed Whisper
dimwishlist:item=1175295126&perks=2801223209,16392701,951095735,3414324643,2250679103
dimwishlist:item=1175295126&perks=,,951095735,3414324643,2250679103

// Gunburn
dimwishlist:item=3431536253&perks=1467527085,3142289711,2579169598,365154968,2873651103
dimwishlist:item=3431536253&perks=,,2579169598,365154968,2873651103

@title:Season 20 Personal
@description:Un-wishlisted weapons

// Royal Executioner
dimwishlist:item=1720503118&perks=839105230,689005463,2416023159,2450788523


@title:Renegades PvP Personal
// Modified B-7 Pistol
//notes:PvP, needs range
dimwishlist:item=3146657388&perks=3250034553,1092016998,3619207468,3673922083,1309453587
dimwishlist:item=3146657388&perks=,,3619207468,3673922083,1309453587
dimwishlist:item=3146657388&perks=3250034553,1092016998,3619207468,47981717,1309453587
dimwishlist:item=3146657388&perks=,,3619207468,47981717,1309453587
dimwishlist:item=3146657388&perks=3250034553,1092016998,3619207468,3673922083,4280607931
dimwishlist:item=3146657388&perks=,,3619207468,3673922083,4280607931
dimwishlist:item=3146657388&perks=3250034553,1092016998,3619207468,47981717,4280607931
dimwishlist:item=3146657388&perks=,,3619207468,47981717,4280607931

dimwishlist:item=1872906663&perks=3250034553,1092016998,3619207468,3673922083,1309453587
dimwishlist:item=1872906663&perks=,,3619207468,3673922083,1309453587
dimwishlist:item=1872906663&perks=3250034553,1092016998,3619207468,47981717,1309453587
dimwishlist:item=1872906663&perks=,,3619207468,47981717,1309453587
dimwishlist:item=1872906663&perks=3250034553,1092016998,3619207468,3673922083,4280607931
dimwishlist:item=1872906663&perks=,,3619207468,3673922083,4280607931
dimwishlist:item=1872906663&perks=3250034553,1092016998,3619207468,47981717,4280607931
dimwishlist:item=1872906663&perks=,,3619207468,47981717,4280607931

// Mos Athanor IV
dimwishlist:item=4118334987&perks=4090651448,1885400500,2039302152,3673922083,1673863459
dimwishlist:item=4118334987&perks=,,2039302152,3673922083,1673863459
dimwishlist:item=4118334987&perks=4090651448,1885400500,2039302152,555281244,1673863459
dimwishlist:item=4118334987&perks=,,2039302152,555281244,1673863459
dimwishlist:item=4118334987&perks=4090651448,1885400500,2579169598,3673922083,1673863459
dimwishlist:item=4118334987&perks=,,2579169598,3673922083,1673863459
dimwishlist:item=4118334987&perks=4090651448,1885400500,2579169598,555281244,1673863459
dimwishlist:item=4118334987&perks=,,2579169598,555281244,1673863459
dimwishlist:item=4118334987&perks=4090651448,1885400500,2039302152,3673922083,4236235115
dimwishlist:item=4118334987&perks=,,2039302152,3673922083,4236235115
dimwishlist:item=4118334987&perks=4090651448,1885400500,2039302152,555281244,4236235115
dimwishlist:item=4118334987&perks=,,2039302152,555281244,4236235115
dimwishlist:item=4118334987&perks=4090651448,1885400500,2579169598,3673922083,4236235115
dimwishlist:item=4118334987&perks=,,2579169598,3673922083,4236235115
dimwishlist:item=4118334987&perks=4090651448,1885400500,2579169598,555281244,4236235115
dimwishlist:item=4118334987&perks=,,2579169598,555281244,4236235115

dimwishlist:item=1288422452&perks=4090651448,1885400500,2039302152,3673922083,1673863459
dimwishlist:item=1288422452&perks=,,2039302152,3673922083,1673863459
dimwishlist:item=1288422452&perks=4090651448,1885400500,2039302152,555281244,1673863459
dimwishlist:item=1288422452&perks=,,2039302152,555281244,1673863459
dimwishlist:item=1288422452&perks=4090651448,1885400500,2579169598,3673922083,1673863459
dimwishlist:item=1288422452&perks=,,2579169598,3673922083,1673863459
dimwishlist:item=1288422452&perks=4090651448,1885400500,2579169598,555281244,1673863459
dimwishlist:item=1288422452&perks=,,2579169598,555281244,1673863459
dimwishlist:item=1288422452&perks=4090651448,1885400500,2039302152,3673922083,4236235115
dimwishlist:item=1288422452&perks=,,2039302152,3673922083,4236235115
dimwishlist:item=1288422452&perks=4090651448,1885400500,2039302152,555281244,4236235115
dimwishlist:item=1288422452&perks=,,2039302152,555281244,4236235115
dimwishlist:item=1288422452&perks=4090651448,1885400500,2579169598,3673922083,4236235115
dimwishlist:item=1288422452&perks=,,2579169598,3673922083,4236235115
dimwishlist:item=1288422452&perks=4090651448,1885400500,2579169598,555281244,4236235115
dimwishlist:item=1288422452&perks=,,2579169598,555281244,4236235115

// All or Nothing
dimwishlist:item=3984776322&perks=839105230,1092016998,2387244414,460017080,1309453587
dimwishlist:item=3984776322&perks=,,2387244414,460017080,1309453587
dimwishlist:item=3984776322&perks=839105230,1092016998,307683764,460017080,1309453587
dimwishlist:item=3984776322&perks=,,307683764,460017080,1309453587
dimwishlist:item=3984776322&perks=839105230,1092016998,2387244414,460017080,4280607931
dimwishlist:item=3984776322&perks=,,2387244414,460017080,4280607931
dimwishlist:item=3984776322&perks=839105230,1092016998,307683764,460017080,4280607931
dimwishlist:item=3984776322&perks=,,307683764,460017080,4280607931

dimwishlist:item=2023002233&perks=839105230,1092016998,2387244414,460017080,1309453587
dimwishlist:item=2023002233&perks=,,2387244414,460017080,1309453587
dimwishlist:item=2023002233&perks=839105230,1092016998,307683764,460017080,1309453587
dimwishlist:item=2023002233&perks=,,307683764,460017080,1309453587
dimwishlist:item=2023002233&perks=839105230,1092016998,2387244414,460017080,4280607931
dimwishlist:item=2023002233&perks=,,2387244414,460017080,4280607931
dimwishlist:item=2023002233&perks=839105230,1092016998,307683764,460017080,4280607931
dimwishlist:item=2023002233&perks=,,307683764,460017080,4280607931

// M-17 "Fast Talker"
dimwishlist:item=1419158093&perks=3250034553,2969185026,307683764,365154968,1309453587
dimwishlist:item=1419158093&perks=,,307683764,365154968,1309453587
dimwishlist:item=1419158093&perks=3250034553,2969185026,307683764,1890422124,1309453587
dimwishlist:item=1419158093&perks=,,307683764,1890422124,1309453587
dimwishlist:item=1419158093&perks=3250034553,2969185026,1359896290,1890422124,1309453587
dimwishlist:item=1419158093&perks=,,1359896290,1890422124,1309453587
dimwishlist:item=1419158093&perks=3250034553,2969185026,1359896290,365154968,1309453587
dimwishlist:item=1419158093&perks=,,1359896290,365154968,1309453587
dimwishlist:item=1419158093&perks=3250034553,2969185026,307683764,365154968,4280607931
dimwishlist:item=1419158093&perks=,,307683764,365154968,4280607931
dimwishlist:item=1419158093&perks=3250034553,2969185026,307683764,1890422124,4280607931
dimwishlist:item=1419158093&perks=,,307683764,1890422124,4280607931
dimwishlist:item=1419158093&perks=3250034553,2969185026,1359896290,1890422124,4280607931
dimwishlist:item=1419158093&perks=,,1359896290,1890422124,4280607931
dimwishlist:item=1419158093&perks=3250034553,2969185026,1359896290,365154968,4280607931
dimwishlist:item=1419158093&perks=,,1359896290,365154968,4280607931

dimwishlist:item=2770035786&perks=3250034553,2969185026,307683764,365154968,1309453587
dimwishlist:item=2770035786&perks=,,307683764,365154968,1309453587
dimwishlist:item=2770035786&perks=3250034553,2969185026,307683764,1890422124,1309453587
dimwishlist:item=2770035786&perks=,,307683764,1890422124,1309453587
dimwishlist:item=2770035786&perks=3250034553,2969185026,1359896290,1890422124,1309453587
dimwishlist:item=2770035786&perks=,,1359896290,1890422124,1309453587
dimwishlist:item=2770035786&perks=3250034553,2969185026,1359896290,365154968,1309453587
dimwishlist:item=2770035786&perks=,,1359896290,365154968,1309453587
dimwishlist:item=2770035786&perks=3250034553,2969185026,307683764,365154968,4280607931
dimwishlist:item=2770035786&perks=,,307683764,365154968,4280607931
dimwishlist:item=2770035786&perks=3250034553,2969185026,307683764,1890422124,4280607931
dimwishlist:item=2770035786&perks=,,307683764,1890422124,4280607931
dimwishlist:item=2770035786&perks=3250034553,2969185026,1359896290,1890422124,4280607931
dimwishlist:item=2770035786&perks=,,1359896290,1890422124,4280607931
dimwishlist:item=2770035786&perks=3250034553,2969185026,1359896290,365154968,4280607931
dimwishlist:item=2770035786&perks=,,1359896290,365154968,4280607931
